---project1---
1-[22,27,16,2,18,6]=>[16,22,27,2,18,6]=>[2,16,22,27,18,6]=>[2,16,18,22,27,6]=>[2,6,16,18,22,27]


[7,3,5,8,2,9,4,15,6];

1 [7,3,5,8,2,9,4,15,6]
2 [3,7,5,8,2,9,4,15,6]
3 [3,5,7,8,2,9,4,15,6]
4 [3,5,7,8,2,9,4,15,6]


---project2---

[16,21,11,8,12,22] 

[16,21,11]         [8,12,22]
[16,21]     [11]      [8,12]       [22]
[16]   [21]     [11]      [8]    [12]      [22]
[16,21]     [11]      [8,12]       [22]
[11,16,21]          [8,12,22]
[8,11,12,16,21,22]


---project3---
[7, 5, 1, 8, 3, 6, 0, 9, 4, 2] 

	8
     5	    7
   1      6   9
 0   3
   2   4